1720
1988
8780
9901
3226
9942
5384
4424
834
5346
7706
1984
5008
6347
6008
1245
4273
2130
3085
6760
4932
112
4093
6620
354
4577
4180
9542
1588
2954
3052
3361
7209
7281
2439
2025
203
171
7827
162
1666
4013
2585
4962
4881
3796
6540
1326
5276
8689
2336
8834
5364
8980
4847
7971
4525
6759
6653
3258
9306
5270
6655
7793
2067
2688
1843
9057
7979
863
4913
194
3698
8197
4393
5390
938
2232
8901
6820
6645
5297
8886
4723
9940
6438
4971
5876
4622
543
568
9966
3907
4537
6437
2346
1375
8990
3029
8334
3065
1275
6989
8425
3670
5577
1445
2615
7834
6629
475
5690
5024
4793
5649
549
1221
1640
512
4294
2226
7896
2691
9988
5128
8421
5468
5704
9941
8843
926
1914
2208
9749
8857
2064
2875
5179
474
3780
8804
2862
6904
2214
1162
5940
2495
4764
7414
3830
9339
9093
3246
2343
4420
6279
8279
4729
1156
2974
7299
6022
1654
8229
3282
24
7962
2395
6739
4194
4845
4814
7325
6787
1982
5204
2477
6424
824
2580
8354
5896
2345
6218
6005
689
8492
1083
653
2609
1408
4690
3587
3498
5604
5675
9243
8449
7333
3782
6875
3336
7851
9158
9775
3224
7044
7790
9766
5597
5003
363
1320
9173
5332
502
175
8961
31
8902
2548
2259
6824
6529
1087
8747
8033
8649
2348
2351
6850
2198
9100
4802
2765
3732
5065
8490
3833
1146
9871
6075
4850
6990
4516
8900
3707
1071
8742
817
5945
2381
9156
166
3705
3785
5558
2668
9010
7955
2906
5168
1570
4745
6689
9523
8671
3691
7579
7909
2909
448
1682
992
9934
1859
3814
9551
5174
6729
8364
9374
4023
4718
431
7645
9091
2053
3174
9679
7559
1257
5362
4258
149
8225
8870
1338
8113
304
7289
2783
1701
5715
1928
9997
1135
9474
5544
493
9282
2149
5043
2128
3495
7266
8343
9626
1994
5629
1377
6918
505
6581
9552
7001
2564
2374
9900
4591
4374
8862
7392
1205
4458
2218
4741
1783
9121
6449
3006
5213
1330
6708
3012
2671
4562
6968
5474
2879
9320
6584
427
3492
6201
4593
2110
2983
6240
3053
672
3442
206
5
1091
839
4027
2847
5085
6455
374
8822
8813
2412
2233
8861
6707
2109
2937
7512
7961
5709
4037
1582
6979
3915
7391
2088
7029
8638
5813
6694
3564
4759
6255
8137
1329
2990
6322
2496
8889
6594
6021
1867
1508
6679
5626
4700
5605
8030
5884
5481
7162
8600
2705
64
3406
3046
2222
1880
4597
5208
9226
5379
3042
6973
9077
9793
8160
8646
4044
1743
4510
7700
2551
8531
3632
2073
3327
2009
8987
6294
6763
8560
4440
7561
6537
349
630
3098
5149
4149
5339
5155
402
9663
2515
889
9947
9800
8007
2889
7815
6644
8605
2231
773
8680
3402
2566
1946
1253
5163
6393
6125
3458
89
1922
5640
9287
964
3612
1786
8063
5727
1943
4952
1144
4768
445
4198
1983
9868
2387
6981
3454
5601
4749
1105
2148
6762
1892
8739
9000
7885
7685
454
9493
8208
9825
1686
346
9066
7996
1493
1432
9228
6275
9611
2324
277
8529
4317
1563
9376
7638
2521
4401
1036
2096
5953
9926
5371
1369
4776
9548
2033
8550
8263
665
1185
6105
2692
6231
637
5541
4761
3540
6405
2733
8656
5165
7297
4326
874
7479
1237
4906
6359
3370
1558
6463
7136
2331
5537
9709
4404
892
8414
2070
8203
2444
2180
822
634
9463
3292
3819
941
7843
119
3757
9019
8580
4720
3155
7232
5529
796
9524
3728
1250
3825
6207
7847
8687
3430
3379
2776
4530
9338
6712
1210
7762
2931
4119
2590
6504
8136
5870
5193
6036
4
9583
781
4506
7567
4575
2760
7891
1190
4012
691
5124
3908
4975
3097
4831
9157
4130
3167
7473
6341
1729
3044
5696
7452
6947
6615
3324
2750
3322
3326
6565
728
4684
5139
6593
5735
6643
2640
1759
5222
3626
6090
3290
2137
2093
3276
5279
4693
6879
9101
7531
1065
176
2213
5721
6671
8106
8945
2535
5087
708
458
1832
9111
5730
2666
4316
8199
1018
6012
8511
3263
7867
4621
7186
3424
3914
744
1813
4372
2561
6293
5553
4408
3583
6025
6932
9778
1487
6350
4742
1475
9976
324
9184
4120
5210
9114
596
1646
7448
7251
4732
8284
5138
528
3610
8116
9655
5532
7089
3983
6203
6491
9698
9178
6273
3460
3348
1251
3490
5001
8088
2185
1871
1864
1150
6881
9685
407
9629
6458
8349
4517
6666
5902
767
5007
5942
182
3380
9844
7085
8056
1698
8875
9894
7692
686
8256
2131
9797
1174
6745
4955
6109
2540
4092
54
1772
7803
4892
9758
3270
1120
7807
4507
4681
3845
2787
2116
4810
6055
4053
6401
4429
6304
2139
253
5710
8633
1
783
1121
2680
1199
9594
9906
5774
9176
7034
5713
8002
7006
8872
2949
7657
5004
6187
3597
1945
9007
5899
7155
5692
7380
4890
4301
3293
2823
5395
2485
1356
5026
6146
4778
4661
5893
6733
9216
8251
1212
4544
7062
4132
6433
7713
5910
726
2884
5154
3797
4812
987
7848
5546
9451
1917
7331
5638
6697
3341
7197
3700
5226
7250
2716
7976
2832
7441
6277
412
6800
4800
8967
9735
3883
8298
7315
3346
9885
4520
3281
1855
8829
5678
9356
8411
1304
7812
5296
6803
4613
3953
1293
181
3676
1823
4540
7065
4078
2255
5915
3001
7603
8144
7151
9230
7119
8098
5057
1255
8989
6566
6652
9835
1090
1975
7370
7365
591
115
6812
2556
7116
8206
6914
3575
5121
6234
85
300
140
2602
4441
4325
1561
7983
996
5194
4604
8125
1007
9476
3719
2806
7228
1976
3153
4256
5360
5512
376
3736
3164
4382
6121
9417
4445
3096
2729
6208
7413
406
1054
70
4951
1434
4184
8001
9065
2188
5934
2644
9893
6908
396
6547
3083
2075
7355
5266
9053
4633
423
5227
6044
2570
4501
6718
9192
5160
1755
787
9180
8361
7178
6618
3146
9538
2676
1499
3832
9984
1412
8603
9460
682
4468
9669
8867
4392
6607
8717
3939
378
8118
8957
526
5566
779
4439
2720
7779
4564
44
8170
7987
5059
6028
5869
8567
8885
3303
8981
8386
1101
5617
4034
4457
8814
3194
9744
954
1287
6911
7052
8439
3005
1987
2597
4338
5772
6372
9802
2913
4154
3367
3090
3810
6144
1953
5810
9112
4896
6245
9752
1621
6376
6168
742
8951
2277
367
9811
9420
4475
4311
5402
4319
1230
7165
567
7826
2318
5782
3874
2038
2639
5021
487
8577
3947
5989
4496
3965
6199
5766
5832
9138
5432
5066
6580
1305
225
2589
1296
5523
75
2102
391
7202
1568
9074
4235
8590
8265
7980
5931
8562
9857
1426
6737
4552
5726
7741
560
4248
3523
2201
3357
9329
9591
975
4262
4990
5117
273
724
8505
8996
6549
4774
5990
1200
6576
345
2086
5857
8241
3212
3798
7009
9448
9104
9587
557
2574
8267
6310
2071
3989
524
7394
6329
9211
1347
2278
9728
6834
4730
6943
7968
348
6784
3302
4991
7422
6551
2721
2275
2731
5673
8707
3566
3803
8882
1754
2308
8727
5157
1129
136
4410
8575
3354
3887
9562
6171
577
5336
2732
7376
353
4080
9771
7866
8153
6435
5455
942
8424
1578
8914
4217
4369
4329
1591
7357
3683
8526
9981
6370
7912
701
6636
2819
1140
1097
9769
4894
7570
4197
3860
4031
8788
8799
778
8356
7313
6799
290
4412
537
8853
1671
1947
7138
1804
8960
25
9281
5757
8530
5661
440
8299
2815
3545
2772
151
9896
6860
6377
3551
2037
5795
6223
2735
3711
8537
5467
8048
772
3446
3121
1343
3867
9318
605
2711
6150
7424
9055
4040
5084
5451
4695
4629
4791
3589
9848
2607
1597
8626
4916
2304
7920
60
819
250
6096
5554
2741
3568
6454
2012
6769
2919
6538
4728
2419
8178
9095
5851
4327
8544
2420
801
2945
9827
1626
8359
9977
3555
8955
2784
1344
4162
3481
4784
1896
6000
7665
1678
3541
333
1541
1340
7049
8941
2061
8984
7578
2165
2588
9035
4312
3666
3697
4036
1560
9491
125
8698
4461
404
2854
3086
3014
2183
4876
4938
4706
5979
8377
6764
4610
576
8659
1504
6425
6837
2282
2187
6851
6890
6962
9274
2295
610
8415
87
3036
4794
9348
8564
7248
9645
1820
628
5733
2484
6770
3479
5473
5972
6211
3140
3816
4314
7580
1399
168
9155
8111
4900
525
8871
9236
9958
263
5654
1043
8029
5796
6948
8365
3613
2461
5499
6856
1814
8453
9651
2697
572
8665
3621
7560
5386
1949
7981
743
9517
5064
4879
6194
7649
5862
3411
335
8704
1822
4173
8559
1515
9690
3605
1795
9186
7670
9426
483
2925
754
8841
6844
3051
1490
8669
4164
6196
9574
4765
5073
6351
916
2502
2112
8602
8753
4152
9670
8874
1248
40
1023
792
8316
5107
4110
7303
1448
8509
969
8662
6007
3668
8661
8105
9652
2791
3608
7878
760
7356
5002
3179
8473
1419
1292
3198
4721
4570
2830
4807
1964
8151
297
1107
2284
4739
9539
5759
1481
7965
4156
9657
8081
1575
2094
7505
6913
7148
5115
4762
7855
8500
9394
6369
1277
6887
2774
3428
5333
1055
659
2329
6579
5240
4295
7187
2628
9733
5594
6373
5366
2491
5874
1259
5584
6094
78
4877
3197
5830
5918
2408
4221
5776
3598
2274
7880
730
2658
2040
2048
4113
7005
7946
9038
6994
6198
5091
7984
5963
3135
1696
4954
9881
7611
6471
3936
7517
7074
606
2079
2356
9154
1181
595
4442
8331
3423
5820
1268
9863
5454
1430
2068
5312
7149
5176
9122
5453
301
256
2967
5102
7493
2161
7881
161
4927
4223
5191
1614
2297
91
7875
2417
1915
154
413
588
4143
9820
3227
3878
8595
142
1256
3854
1281
5134
3805
1328
7168
2158
9507
8650
1406
330
4686
1683
315
7167
5012
5254
3976
4999
2979
9711
4106
8458
1551
3926
160
8975
4539
7377
1102
8202
6571
1416
1439
4818
8954
8061
9238
5509
8820
7710
2539
5867
2192
5250
5112
7047
317
2462
9443
1302
5853
2769
9678
4232
3618
1999
2941
9777
721
2738
9919
3045
6476
9714
6391
913
6252
8859
2973
4882
8516
8443
4817
9497
6639
3558
698
439
9726
1542
3751
5773
3178
3847
122
8129
2606
1194
3716
1562
7487
8510
3205
4518
625
3074
9545
6185
6688
5803
4676
1482
2546
117
9960
1298
1126
6451
7004
1526
5103
1849
5409
2842
7354
8613
573
7534
6906
7170
1124
3312
9013
2592
830
1225
3285
8351
3963
2262
727
3763
3100
5771
7664
3884
9719
8070
212
4169
7343
9046
4960
8435
925
1389
1235
2955
7123
4261
5169
9555
3729
3461
7860
4803
5643
252
5957
6063
7682
4303
6774
9917
2613
8723
415
2134
9664
9433
9920
9196
1564
1996
42
8428
3148
2717
2924
9877
8705
9082
3456
5998
7846
7490
6715
4651
6111
481
850
6983
9760
7264
800
2994
4997
5037
993
6711
2757
2101
7458
4617
4560
9319
1839
9488
4977
4716
6228
1010
2999
8497
1940
6961
58
4490
8677
8074
8645
7242
8487
7212
9048
5754
4370
1173
5061
6014
9496
3567
4021
6892
4509
8253
5825
5811
1218
9062
3800
2981
9198
4691
4687
220
9636
8441
6825
4986
1803
2023
4966
2243
1834
3660
4415
8402
6523
866
7336
7064
4662
3019
2686
7220
1182
2726
9846
7261
1454
7942
9447
5306
9986
3959
4444
7176
3464
9528
3510
8716
5700
4584
6364
3615
8636
4069
2060
5779
2440
8288
6583
2501
4315
2279
7387
2885
5889
444
2272
478
8021
1012
1625
5188
842
7086
1050
4566
4826
6514
7771
2056
7484
765
5431
381
1845
8850
4548
9577
5035
2524
8962
6484
580
7859
2034
848
2438
5748
4384
4015
6771
8313
7655
8521
4898
4872
9311
4011
2019
1127
7237
872
9970
4406
8612
5720
5252
789
709
9534
3033
9135
3899
4757
1241
1797
8607
3469
8045
6883
9618
7573
1025
6555
9308
1295
6298
4756
9371
5330
2362
8622
8912
7036
1392
7130
2626
7054
5864
4059
2927
9837
7844
3035
1835
1726
4703
852
2529
9453
7417
1794
9566
9665
4272
5447
3056
4543
7825
3323
7157
9480
2415
9240
9599
9573
6946
7364
1684
3359
5253
5187
7628
7756
1109
2826
8968
8809
7905
35
5669
2633
4066
2469
5961
9627
3957
7108
5741
2197
6441
3654
3706
8977
7436
6570
1980
9092
4599
4683
6427
7200
9425
7668
196
1080
8993
901
906
8344
5863
7569
6706
2961
9508
4978
223
421
556
7830
4859
8250
2841
5415
6296
2809
6823
1674
3969
7889
9788
6217
392
6683
3287
224
1972
3376
4214
1912
1130
3934
7379
8214
4688
8541
8306
8252
7956
6154
3588
2486
2057
9193
1689
5388
2975
4611
1223
351
8718
2843
7196
409
7810
3743
7173
159
679
7659
9438
2709
8978
8318
9961
8148
5913
616
332
8043
6765
7249
4067
1663
8078
662
2935
9367
3023
9745
5540
3628
5615
6603
158
5725
3162
1609
4278
2210
1741
2054
6017
6561
8466
2835
4451
9388
4104
9472
1429
9691
9119
1842
1620
2751
5547
1204
152
3305
1800
46
7822
6457
7792
8107
3686
7708
6164
6601
1594
1573
3351
2892
9654
6253
8099
3180
7290
1796
5543
2754
1033
401
9005
6408
5603
3646
9543
5428
3872
8543
923
45
7857
7689
3696
90
9276
5248
998
8090
550
5791
1586
5900
95
172
2202
1761
6667
8397
6442
9688
952
2205
836
1753
3554
9449
1125
3068
6816
3579
1494
3877
5987
3973
636
3410
3062
9373
845
2701
7166
1638
8905
7135
3116
7177
434
5536
4264
6807
2330
8012
1219
3353
4127
7437
8312
8676
5906
736
29
9090
1901
4934
4146
547
9103
6777
7831
4386
3223
6985
5846
6127
7626
1503
2621
4671
2170
8201
4713
4738
8189
1815
9277
5074
9322
7330
1889
1712
864
6741
8133
7593
4335
6155
5300
6100
3846
8856
7876
383
5826
8847
4292
8321
4972
6174
5212
8493
7576
6232
3571
5937
1465
7915
2152
9126
4189
4368
8193
2347
4237
2565
369
7745
5881
4279
764
2898
4871
6338
7121
1400
902
311
735
3731
4626
6663
3684
7586
876
8816
7887
7169
9570
8352
497
3028
1809
8308
5606
5353
1391
5140
1507
946
2763
1175
6348
3511
6631
5180
310
3919
8823
2044
5827
4077
1183
7532
3663
911
9550
9801
6640
3631
5417
7874
7386
2803
2169
4231
4492
1807
3249
575
8015
97
3988
1155
1005
3136
3476
9402
4887
4578
2303
131
295
9697
5535
4619
4042
763
3928
2730
5589
8462
8127
5177
803
350
5262
3861
1231
4689
7679
4639
226
5765
6156
4967
618
9070
8392
3325
6802
9139
6614
6381
3921
1213
2608
2051
9249
7463
8067
5318
570
1046
7361
1650
2869
9620
5888
285
4259
9351
7461
2745
7538
9056
2163
3563
7674
905
603
7828
1677
8668
8035
1291
5141
4414
6853
3669
6023
6153
6642
9904
3064
8942
914
6345
9996
8103
9323
282
9237
2808
2083
6556
2200
8842
2338
8057
6558
1967
5936
7646
6136
2473
7352
4033
9962
2511
6148
3727
8554
3906
7761
3126
8031
2766
6353
7663
2215
825
8824
6534
4519
2476
9856
3494
2055
2480
9151
1566
7925
751
6380
1724
4708
945
4165
6984
2890
5567
2986
3480
8009
3434
8666
5265
1529
3378
2660
2244
4054
3775
7236
1308
2764
7852
5070
6876
7125
7510
9563
5340
5207
5071
3945
7824
6215
4853
8890
1498
9181
5086
8340
5895
5590
7403
3081
3335
8539
6229
1538
4625
7384
7140
4339
9182
4709
2390
4330
8571
1082
1935
1705
207
2936
9213
1748
6288
4170
6600
3337
8897
1246
5275
2312
7058
8750
6859
5835
4945
8693
7629
3039
3127
7316
2837
1721
8708
9506
2829
7950
3671
6578
3529
9522
7654
5808
8275
1049
3181
3835
1534
2090
7970
4466
7605
976
1383
5807
4203
7757
3225
8014
6123
6068
4856
3125
7435
3586
7854
4522
3682
7539
2569
9418
1837
1830
9262
7764
7728
5129
7873
3665
5768
4476
5246
7230
7028
5272
2326
5130
4020
1013
5699
8958
3662
7152
1500
6591
8262
6525
7788
6095
583
7415
2466
737
613
6794
6664
4206
3236
732
5624
7597
4005
6151
1863
4100
9823
1450
784
2641
2706
8663
5784
8593
6088
5283
1000
1376
2719
6997
2077
5221
3104
2573
1492
8191
1216
8459
3956
1486
6661
36
1151
2018
2126
7319
8926
590
4403
9291
5147
1333
4222
7897
9479
4740
4857
1958
8648
9975
8592
9731
8776
2276
8748
9757
3975
8999
1643
3592
2498
3009
7697
7590
9459
352
8114
4333
8507
3968
6417
4672
8966
2583
4202
3724
983
5171
5209
9696
236
9568
3651
5510
5769
2634
3441
4022
9910
2997
2586
8896
4573
8163
3765
1635
3932
2117
9812
5293
771
375
221
9673
2253
3680
472
5022
1379
5403
6736
1555
9113
2800
9201
5077
8259
7326
9530
6533
4512
3025
5938
5630
2623
5249
5775
4719
8495
6818
9168
871
7591
8606
3221
4017
5668
1457
291
9519
289
1731
2007
1104
1267
8953
8848
8246
6510
6723
231
3047
7798
5929
1064
3352
3149
9588
3649
7425
7894
7688
4609
3199
4775
1895
2893
1629
8655
6586
9307
4024
7207
4654
7314
5689
4699
216
8457
2744
7974
2084
984
4045
430
7223
5097
5426
6882
459
9781
8293
541
3599
6319
9619
1312
4542
7048
7488
4449
2234
5956
6721
2912
5288
1512
1006
3843
9179
4114
6003
4858
2392
2836
8696
6596
7533
9565
6037
777
6309
6077
82
1580
769
3339
6058
9301
5278
2121
235
1262
9011
8730
3770
9559
6272
4779
9526
8332
7902
9411
5216
4663
3536
7305
7141
9603
5561
9
2151
1459
3499
4135
1631
9945
7715
9152
8608
8062
7660
2072
2968
1324
7932
4389
6360
2821
1234
2659
269
5460
5068
8164
7483
1707
6731
1358
3694
2899
707
3457
9905
8489
1693
5677
2003
2984
3658
2443
4769
9283
8333
6461
4281
8494
9214
5475
2111
7298
7460
6246
4558
3119
816
741
4823
867
7624
8586
3475
7588
2043
9261
3553
3057
2401
5559
7191
2107
5098
9648
1581
3611
3949
8461
8552
6567
5718
6429
4274
7188
2995
4346
3739
5530
8010
1931
3105
3022
9946
3853
3506
5497
4252
2593
6038
4307
9847
8766
6278
3769
9326
3664
4586
5228
734
7055
6362
3695
2820
6506
7081
5105
6693
8446
3048
8855
2901
6178
8394
9878
3916
7481
4715
6213
3617
3755
4353
3094
1535
7733
2340
5658
4722
5723
1177
6117
6750
7126
2327
2958
1618
8522
9264
9435
9692
5470
4650
6378
2790
6250
2988
1532
3092
4697
1700
9424
9029
7077
4878
9020
3031
7233
8281
4383
3186
480
3218
4777
8350
4084
899
7566
3099
1673
9387
2614
1303
3451
4418
4361
1611
7239
1675
8802
4161
9032
3463
8729
6126
4096
6456
9736
2870
147
9851
527
398
9681
4331
2500
9084
5563
6356
8041
9890
1301
9117
5445
8651
8046
4702
3010
8911
5840
5256
1781
9148
1266
9023
1596
8548
7678
6236
7651
838
4848
3412
1157
2432
6436
249
9197
6754
5962
1715
4844
1821
3137
4554
496
9544
6521
6638
61
3452
705
9482
8102
7772
1239
6160
6699
3497
2687
9360
5075
5644
5338
8303
5175
4538
9166
1117
118
9183
7244
8338
3235
5652
6444
699
523
8949
7786
9746
8291
1989
4351
7919
4057
7658
3371
187
7145
4324
9646
3163
3016
6929
7953
312
7805
5178
9298
7442
6978
5399
7159
4614
2016
6761
4940
7565
8430
7419
9250
5229
6878
9278
3929
8892
3828
2237
2371
6931
5687
3559
5100
9081
1528
4008
9774
5976
7098
3405
9884
9260
6790
2398
4531
7643
1765
7511
5034
8973
6041
3070
2689
143
578
7024
3247
4816
1166
3650
4631
5986
4902
2358
4487
8827
5282
1536
5842
3427
6283
2989
8501
8337
2367
7051
1456
7883
3040
1122
468
4447
2600
9598
385
3077
7610
3841
5749
1479
5463
4166
5648
815
4875
3856
5311
3349
7041
1882
2263
2662
7478
3616
278
9869
8216
837
2704
9540
8615
5314
9299
2396
4737
173
9750
5323
8807
3298
1801
8779
2675
2517
6452
7301
8115
4073
9477
1854
4979
1948
5646
4046
4657
27
2127
28
4786
5281
7676
1483
6527
4886
3204
1398
1711
305
1003
336
1567
37
2100
6532
1737
1014
3521
5006
5674
7648
1464
4746
4234
4852
5067
5359
8391
5578
3789
1622
4481
8611
1921
32
8447
5437
7693
7673
7276
5587
6097
7776
7132
6382
3000
1100
9732
2407
5422
7265
4228
4323
5440
7099
4251
7633
5201
3201
1641
4364
6575
6740
8628
5958
4064
8036
5186
3701
2708
3132
5585
3938
1658
293
9436
4158
9628
9504
4903
116
6633
2921
4567
3820
7563
9364
5498
5370
5568
3196
7037
6290
7438
9464
4993
761
1936
7765
1238
4431
6867
9607
358
9407
34
6247
5223
8609
5968
1363
6070
7390
3210
5850
8314
7114
8357
88
9723
5166
5013
9932
4976
6597
6426
4363
8972
17
4941
9712
7520
5049
6550
5539
7117
8172
9854
2637
4698
6251
2619
1428
7958
7914
1317
8710
644
821
849
5637
2541
5211
5414
3368
99
631
8418
6888
8375
2876
1325
6912
8217
3920
2684
9144
1469
7787
562
4394
1350
167
7721
6399
4532
3222
1583
9195
1517
5303
1299
8556
6766
7163
9204
5877
5738
1872
9909
3147
56
9358
7362
1371
687
6898
4795
3139
515
157
4980
5231
6115
8140
6783
3862
7548
3372
5052
5799
7406
7998
3787
9107
7934
7680
6939
9498
517
7746
1770
5522
1359
2816
6668
3944
5125
5822
5622
8431
4463
2767
1579
7382
1592
1630
7106
9840
1661
3433
3283
2916
5197
1865
5094
9819
6996
5947
9751
8684
4799
9336
5372
5502
1228
435
7933
9021
6710
2129
4770
504
604
3748
6873
5866
3897
9610
7811
3037
8907
9403
6563
4465
5083
7669
9072
5600
5277
3972
2636
5607
9017
9715
6956
2804
6286
5701
3408
6346
8790
6162
5267
774
9889
1870
4289
199
2987
4343
7696
980
5446
6681
6337
4226
7007
3208
8542
4640
8992
9273
9742
9682
4160
3254
9944
9662
7104
1011
6204
4497
6238
6748
2136
9169
3466
6886
6921
1971
7262
6719
7120
5980
7821
3614
3365
5434
5598
6318
4649
8536
6695
5039
4948
3216
2670
7351
7269
6486
8190
5944
9036
2612
3911
3503
7662
6049
30
8448
1740
4175
8108
7401
8390
189
8369
5462
2969
237
3893
5814
2778
1733
4079
6120
6498
193
1035
9593
807
9789
4467
6295
7455
3363
6542
9738
4653
979
5602
7203
5950
8749
9605
5205
5659
9096
4267
1017
3578
4750
4675
4089
9866
646
9292
8781
5469
8736
3530
5304
5746
714
9780
1164
1441
5429
9822
5682
5925
8947
9578
55
8042
8388
5706
2173
8355
3933
4220
8013
7954
5599
3432
5632
8410
8082
5996
1552
7972
1664
7587
8893
5691
5438
7622
4860
6842
2527
6256
9225
2246
8276
6422
782
8301
2156
1169
4181
7557
307
932
1587
5486
4446
5570
424
8502
2576
5482
4275
5739
2849
1850
9229
4635
2115
8675
9968
5493
1816
2293
331
344
7219
5088
510
8971
6941
1970
5855
4965
8988
7158
6861
7742
7057
2154
9954
5019
7131
5319
4773
4179
700
7727
1649
9722
9558
6811
1311
8963
6727
4271
9817
8594
2289
7818
6507
1092
6716
7820
6995
7366
7440
7124
7358
2857
3203
3834
6752
7553
711
4250
2798
3937
4125
6242
2058
3895
9381
3931
6413
3971
2013
739
3783
3752
5818
389
2740
5621
7295
7760
6313
7320
9864
1433
9949
337
3134
1478
1604
8055
8085
862
3273
3390
7466
5801
2611
8694
6047
9560
7480
5662
7229
5582
438
1634
3021
9703
8688
7256
1910
1446
6709
9016
185
1318
3253
4336
6891
1522
7499
4996
8367
5722
8156
1334
9623
7723
6680
2856
4524
3453
8119
2722
7254
2863
4974
4930
5198
8366
5753
6999
4585
1787
2635
243
3997
746
8513
4555
9227
3117
3524
671
1038
4656
4140
8737
372
2552
2406
6976
5785
7100
5732
8404
2268
8838
8800
2845
9266
7794
1977
8429
3606
5514
1284
4208
3890
6209
9340
5069
6165
6398
7470
9461
6487
6332
4788
1427
3980
6119
8269
7268
1662
9296
3415
858
6531
8878
205
9520
4266
3967
719
564
425
656
3699
1725
6366
2363
3771
4328
5305
1206
1995
7300
2184
5062
9039
1840
2181
7324
9829
4849
896
3951
4550
8327
2887
1747
2359
7234
7604
6320
8520
770
8525
5042
19
5569
7012
9131
3214
2715
4893
6389
554
9995
3419
8023
6922
9097
5501
7529
9300
9621
3848
5435
4085
5490
296
9933
7694
3231
9729
3722
7606
5533
6685
2813
4270
5904
5841
2950
2549
8792
9304
8183
2042
4365
5040
811
8231
676
4830
8565
8767
7594
4798
2587
9354
1321
661
6520
3924
7059
8837
9675
7327
7432
484
9314
7504
7978
5000
2846
7492
9699
8152
5444
9955
713
7069
1687
2394
5159
8641
6004
1511
7042
652
7025
8811
2943
8016
5625
7026
6239
9241
2699
8794
7952
3864
7253
642
868
3786
2344
5302
8709
6270
6076
3297
6751
4561
718
7865
1022
7545
7087
1827
211
7631
6982
9518
303
3898
908
6384
3182
7279
1913
1442
6866
7311
2189
4772
1132
733
8484
7890
2824
3038
7584
4298
2562
4209
8204
1878
5892
3403
7877
251
3627
6893
8437
5082
668
695
5420
7907
4503
8515
3788
3505
8455
3234
6108
5982
3362
4195
3714
2518
4407
829
5089
640
8617
1556
2050
8322
9948
1916
6357
7582
4838
4828
5456
4472
2572
5158
3426
4227
8943
5151
1271
4147
3905
6896
9075
4885
6980
8195
9953
5966
1523
2305
2478
3857
1240
7813
9490
8254
5164
7744
2031
8342
8583
491
4946
8282
5316
8745
4086
8346
4731
48
1553
8762
5992
6026
7960
7023
8610
7911
4138
8772
1472
6418
2817
7039
7420
4953
246
9067
4435
3449
3773
8117
3838
1537
5200
9462
7208
5806
6192
6678
7714
930
2523
2211
1404
9815
2492
8383
2135
3306
9141
7630
8271
4736
2319
286
5053
6660
847
9383
8268
9717
1289
2761
1546
5871
1138
854
2349
4805
3641
8478
2320
7791
7008
6024
5809
9831
7922
1024
4306
895
8147
9779
7589
7050
6308
4399
3156
3334
627
4796
1319
3807
5731
7397
6604
9012
9365
3338
7190
4062
1968
1825
5326
3940
898
1207
6349
120
9615
4185
860
7383
4025
3344
8644
9347
9161
3425
7147
8234
3358
1695
5612
6439
1584
891
5017
3979
9564
6305
812
3942
7260
9430
6317
5427
4944
757
3472
9444
8249
3075
5655
2714
9647
6569
1785
1447
9501
2648
9695
6367
1415
6847
92
9727
8211
6796
2385
5406
4091
4918
8101
1589
6302
4513
7393
558
7600
790
3794
1524
988
3211
5762
9001
7945
7513
5571
9337
5232
9089
4515
5702
338
3400
9302
2736
7083
9680
5583
8374
2584
4682
4785
9185
1680
8302
2519
2902
795
7863
1828
6937
1179
3439
5878
9592
4452
3840
3547
7161
5581
6282
8547
7285
7555
2357
8200
9895
5273
4302
8463
7947
1112
8198
3970
8835
6953
7201
4970
965
7518
5981
3673
8952
7218
9684
4083
1857
5471
1366
974
8060
8376
3534
8533
4388
4030
9553
8692
1962
7306
7959
2993
451
2008
62
2724
960
2298
1453
8627
5122
1413
2285
6897
1718
3301
2141
6323
1647
4131
1510
7457
2962
2216
3360
826
8991
3340
3778
9510
2649
3491
7644
9293
8131
4099
6307
3629
5264
1217
3195
6466
9798
3169
9707
4009
1752
2953
462
5868
9765
274
2930
3811
165
9852
1402
1869
4678
7800
7653
2411
1093
5964
4956
1451
1699
49
5887
204
5401
9694
3007
1571
4984
501
4724
5834
638
6735
8909
3774
4014
3740
8735
7348
3738
314
9625
2430
1300
3418
7400
1653
8873
3642
5079
3703
6460
2952
8524
7022
4919
5005
1985
7143
8581
8075
4350
113
1775
6970
4257
6791
7454
7596
1395
5491
1425
6113
5162
7667
1134
5763
233
4478
5880
3725
8506
3760
5513
2294
5108
2786
8532
4233
4655
287
6010
7018
4305
8230
9531
6409
7528
9106
1548
2092
1468
3677
7993
72
6062
1460
8059
9590
4061
3741
9220
1600
8760
1920
608
7238
2015
6928
9637
8019
1632
2437
2337
3721
8699
9223
2386
8426
9137
4864
6271
1714
9028
674
403
9971
6054
6838
3585
1513
1997
3260
2203
2873
4605
8084
8417
9753
3320
379
8159
5515
6589
2264
8109
4589
6083
3652
4385
3562
2834
1149
8100
3946
1467
7754
8165
6528
3190
8743
2368
6682
6863
5127
2026
8818
5347
9362
9143
1793
9088
4647
1188
2456
7943
4973
7171
9004
9606
7071
5843
5355
9109
2414
7184
2078
1079
8472
9903
5408
7175
9288
5531
3855
6829
3220
2159
8869
6046
4822
8673
9275
747
2164
1969
7893
8558
3500
12
5480
9416
2179
3818
9718
2928
6057
8120
7869
9313
5236
80
9399
2261
4111
8810
1744
3478
4210
5181
6959
1053
6172
8924
723
2910
3870
1401
5161
5609
5142
4097
71
7205
9795
8891
5182
4455
5011
5148
1540
426
1423
3625
2622
22
8157
6440
5516
9254
1290
6826
6647
2805
9936
2035
1554
3171
6773
4486
2838
4019
7070
8294
1519
4433
5528
2409
2364
7443
7408
9133
8917
9978
2868
8235
7412
3397
7888
8040
3645
2046
153
7621
4792
9974
5260
592
1518
1509
5969
38
6059
5800
7160
531
5949
3184
1593
6767
4018
3801
7921
5146
7656
5777
3923
2080
4284
7293
7194
1386
4806
9701
7999
3851
3447
6568
1670
9068
8880
1066
2908
6361
2825
4829
5883
2938
2918
3288
8050
8944
2271
2905
1001
3382
8637
6074
5550
4747
8454
6744
5357
3008
467
5309
5790
1244
2039
9521
6009
2146
1833
3717
9808
6091
2288
8808
9842
3985
9427
9469
1757
1273
7091
5258
8373
5025
2882
5993
2393
894
7758
7338
1008
2811
7045
813
8280
3622
9730
9514
2773
5320
8879
7467
6186
619
9686
3512
2872
4855
8161
2006
1032
9862
452
8266
7344
6073
5308
6039
6152
6138
1099
101
2449
5787
7562
9343
6627
3422
3274
8311
8721
3120
9902
5361
7226
7601
6780
9776
2223
666
9009
6019
7988
6166
8570
6673
2718
9153
5848
5410
903
1521
7783
7210
8485
4921
4673
8210
319
8465
8499
2118
7469
2402
3459
6102
1261
4082
5492
3766
5660
4641
1520
7332
200
3450
3935
9814
442
883
2964
7373
5217
7128
2433
2041
6725
1458
1860
8368
2405
8065
9826
2977
3284
561
6950
9033
2904
4707
5521
6810
2400
6226
4694
8034
8162
5237
1449
8713
4526
8416
5398
1628
506
7564
6704
3733
2448
6728
3279
534
5631
6530
5287
6648
4378
148
7080
9527
7509
3777
4201
7182
7809
7353
9297
2291
1810
4660
219
9734
8616
1418
6632
9883
7936
2313
6795
7076
7073
7949
2168
5926
4665
4677
373
6414
6407
3112
2506
9979
4144
4255
6410
7371
4837
2748
6957
1766
5829
5310
8325
8950
1939
356
9759
9509
633
620
9485
3538
966
4373
2538
7485
3168
5206
8184
802
6500
5676
844
1779
4150
179
9943
6755
5063
5192
9215
5708
6919
9094
6483
9002
2545
9235
8643
7172
4620
6841
4200
81
8831
8883
4360
6646
2897
2391
9927
3692
9294
6191
5313
5714
4711
5680
4367
4241
4854
3059
1606
6312
2403
1381
309
6325
9643
2467
3308
9167
1351
3685
5351
1954
1771
8518
9280
915
4582
7082
6453
7494
8741
948
1067
6481
7180
9317
65
7405
8444
9755
6588
805
2911
1645
7931
2105
9286
3467
7819
2914
6467
917
5797
4680
1263
4238
6092
6061
6230
5439
6492
2425
3958
1229
6212
3213
288
6902
8508
9748
6502
748
1639
1651
9359
326
9124
8763
7110
6259
240
6216
7231
571
8679
9466
6446
2280
1270
387
3859
1186
4471
76
5924
4638
4899
3482
5978
9129
7255
4825
786
3396
870
9408
7416
8006
1525
704
8777
9043
3702
2532
6311
5461
7977
2557
720
5845
5135
9907
2672
2752
7850
9270
5970
3233
9959
6895
9361
6137
84
432
313
9763
7729
546
3623
4511
9772
5984
7802
8817
4658
9671
7407
9689
7345
9421
5549
3165
270
9644
4391
8305
6524
2247
3821
2022
3609
8436
3690
1307
5905
9929
2182
9189
7471
8381
806
2377
8236
6052
9737
393
2779
5694
9622
8261
1196
6789
8512
3240
5224
9571
241
9532
2281
5239
5325
8139
6512
6167
3759
3416
74
1672
8104
5595
626
6828
5268
2341
5839
890
7287
4763
740
6691
4931
7598
5789
8653
3548
2230
9950
1397
7784
3839
4071
3311
5092
2459
3981
18
4355
9839
1856
3584
7701
9810
963
2245
8324
2812
4963
8257
2978
8409
2091
3903
5189
7506
6949
9003
5507
9110
9245
8378
1704
3504
9395
1147
507
7497
3817
7868
5133
2283
3767
9080
8258
8995
6877
8423
1657
1161
5860
6960
6241
9916
1633
4050
7404
1885
5927
7711
2479
4174
5047
7288
4935
2256
7832
1323
232
5055
2225
753
3381
6781
3790
3581
4187
7724
3172
3257
5526
594
1723
5477
7777
2880
5756
9492
3620
5436
4417
2366
449
280
6821
428
8362
8585
9405
6720
1758
8618
936
8844
1919
6497
9993
6916
3708
5912
3546
622
8720
1123
6623
2196
6142
738
6621
3998
5511
8278
7486
9921
4843
1851
7278
1750
2630
6651
4726
5331
9939
6284
7118
5230
3103
366
7989
9784
4337
9741
7841
4483
7837
1838
6670
141
675
9231
5894
6687
7346
8480
2991
7038
1697
1902
6905
2526
9247
9720
8239
7398
6182
13
5579
8483
7901
8052
8121
8150
5199
2081
5856
7516
3384
4533
4933
8654
6184
6084
4219
8998
9271
9914
544
6330
195
2874
9218
9554
9265
1048
7595
1279
1168
1539
1923
919
9471
843
9849
3507
5220
3173
4782
9706
6335
5349
2445
8482
5734
3017
3799
8171
6700
4249
2520
2669
1160
6301
6050
1806
5235
8771
8289
1209
6630
4192
5645
1473
1708
9824
7730
4939
3375
959
8579
6316
7245
9349
3229
4398
4167
1393
8672
9724
879
7671
6081
2956
6336
2594
8173
488
4090
107
7221
9923
5023
1875
5405
2747
8347
2066
138
8913
169
6617
3535
174
1110
1474
4534
2577
5443
3522
7556
951
1991
8310
8629
7142
5805
1286
869
1052
8498
6637
1063
2603
7217
8134
3531
2373
7879
1933
6656
8467
3509
8549
4183
2807
2361
8047
3202
7111
6665
4846
229
8018
1942
3124
473
7134
5465
2240
7500
4006
6677
2932
1883
5241
3687
4177
192
4907
956
1355
9899
1897
9516
1364
6011
2560
8535
7647
1466
7521
6901
6657
4087
5985
8833
2652
7122
8640
9634
3518
3436
2530
1362
7574
6159
4590
4171
9897
6987
8384
3114
5971
9321
1736
8700
4679
9549
8087
3111
4495
7225
4141
7677
4456
3514
7780
5365
8927
2132
7969
3556
5837
7773
9786
904
8400
1444
8769
924
2723
9467
1782
1113
6871
8079
8192
9935
6267
9047
3570
1986
931
7690
3557
2172
2957
109
669
390
918
9836
9891
2959
271
2605
4637
4029
6158
886
1015
1719
2119
7389
9330
1893
9505
5836
9051
6778
1417
535
8450
3013
1679
370
766
1184
1585
8237
242
7294
1694
4644
2985
3145
2160
7284
8840
5792
7339
8798
1601
1784
7335
2311
9990
9683
4470
51
8789
2839
2947
820
4994
6577
8876
9177
3304
3154
3852
8058
8273
2734
4265
7247
281
7871
3122
8071
4139
2059
9659
9015
2550
808
1903
3871
6738
880
1550
7737
6015
5344
4493
3076
6686
8080
8997
5729
8928
7503
6977
6190
1322
4642
2316
2384
5653
2822
4559
7257
8138
617
8846
2866
437
2365
1732
614
5821
6634
2431
2219
3943
601
6849
7892
1058
8407
3868
7410
228
6400
2514
1763
9210
7623
1899
9455
6925
722
7666
1258
1180
1577
134
5698
9191
8566
4664
6035
9221
198
4556
4056
3952
2413
4607
3902
2922
2010
7334
2865
461
2559
9290
8923
6552
1656
8073
3653
1411
4901
260
6742
4553
7957
4827
1545
7246
9687
5954
875
2269
6180
3237
7273
5935
8784
471
846
4748
1790
9641
9025
6464
5780
170
469
8360
4936
6412
2855
5620
244
8576
6013
8969
8797
5343
1203
6375
3383
4081
7997
853
9511
4904
7731
7429
4108
2960
5190
5234
8932
2591
5203
9200
2270
8399
5392
7340
2610
114
7431
1495
3772
6416
5245
2871
2014
1143
4300
8888
8097
648
4168
513
7068
9441
5921
8787
5634
5707
6475
7703
7948
7502
8345
6118
8865
5381
4536
1734
6831
5717
5508
6066
7423
7418
1685
9076
780
3183
5060
3806
1316
990
3742
1039
222
8578
63
5686
2844
2379
3331
4342
8307
8657
364
5697
794
6564
7781
2781
4839
8597
8072
4473
1148
4438
4863
5400
7017
2631
2690
2372
3269
4268
1070
1934
970
3672
553
3128
5322
3318
5538
5519
2596
5794
2656
1957
1421
8126
2727
1951
3661
3954
3252
2664
7522
5374
6772
8620
2494
2966
6434
4052
5014
4188
2746
2595
8534
1668
2510
7767
1409
2191
8032
8196
9370
8734
4354
8574
8733
8277
6585
5778
7735
9762
4701
2792
7642
758
397
7583
8226
1463
8929
2217
3501
663
4240
9325
4193
3764
3604
3377
5126
877
6724
9289
6490
7853
632
6889
1098
2604
8370
4109
2482
7096
9392
9415
8228
4428
6002
804
479
1288
7838
7691
3015
7263
3815
1961
1142
5425
9355
4696
2693
5994
612
6274
9805
8287
2426
5150
3674
4224
8128
1868
7639
3261
6933
4117
8933
3576
1249
9165
3712
6222
989
6833
6034
7495
7274
1616
9079
9859
670
7154
33
3792
1354
9908
4413
8852
460
4594
7215
327
2142
2085
163
1076
7817
6087
2543
6131
7613
4581
3768
907
104
3962
9998
9850
6340
3316
2632
6610
7702
6805
3133
933
3275
4950
2657
9982
400
884
1020
548
8174
2725
1887
8469
5494
2886
703
6214
3745
8589
2616
3689
1075
6056
5116
3648
8761
7895
4923
495
1361
9764
8925
8851
299
8946
3138
706
6602
6477
3272
5031
4136
5476
1370
6423
3314
7704
7046
8419
2581
9783
5885
3238
9391
4735
5016
9972
2446
9806
9828
6421
8406
3977
2793
4280
623
4841
2089
4636
6743
7749
9335
4995
4865
6200
4733
6315
4277
2177
7982
6975
3187
7797
1154
6141
8398
2458
9083
4535
7369
2698
9027
6206
8514
5412
4821
1925
9739
8839
5032
8452
3961
9332
3160
1992
6018
7092
67
958
8083
7388
456
7609
3101
4076
5457
4026
7144
4989
3917
3443
8022
2453
6265
5858
9060
7472
3073
4491
8456
4851
2442
2948
6404
2553
9380
7146
9994
3483
1927
6324
6183
3265
1853
3191
5315
8821
4571
9147
6582
3986
3812
1041
7444
6447
4915
3758
5056
7067
9116
3219
3747
1045
7350
132
3486
1906
6016
4961
7133
1497
414
2354
7150
8445
8470
6257
9804
1367
102
7717
2317
8682
2673
971
8205
2455
6358
298
8481
6080
4269
4007
9303
3644
5565
2503
210
6303
6387
8674
1516
6428
3266
8738
9572
693
7743
9284
3822
5170
2273
8881
7963
5280
6944
3215
6078
6395
2789
7864
8639
9239
5380
4646
3992
1236
3607
667
1372
355
6910
3157
7712
4381
6923
2195
8712
2814
16
5202
9957
1283
8145
7053
3078
4334
859
3565
9928
6508
1637
6363
7433
3386
433
3753
8232
1346
9525
9743
6079
7789
9127
79
4574
814
9704
611
5327
8921
4587
7801
6093
3069
2934
360
1549
9672
6779
8194
3927
559
1272
756
8939
128
4425
7833
8599
1016
264
6599
5294
2011
1341
7409
8008
4758
8528
3754
1357
5965
39
3881
6730
7527
6635
6793
2544
6592
2797
5051
5975
4260
3827
5859
3391
3032
3572
1848
2861
1021
1388
7181
3950
2923
6722
292
1926
8783
6134
7967
1993
6263
5393
3795
1898
464
6963
6130
9642
7782
1227
5183
9843
3067
1612
9668
2489
9379
2292
8801
322
4344
4563
7427
3264
5348
5574
1792
47
1615
279
2768
7544
7491
7075
2578
2710
6173
3389
6098
5618
5242
1773
8227
9064
1858
1484
2027
7992
1051
7450
3444
2917
6714
6554
8270
4809
9624
7011
5145
7842
3232
5891
6030
9171
3455
8292
1096
5050
944
2306
5745
1998
2143
4148
1201
9865
1373
8751
6786
275
9581
7618
6280
4159
654
3918
7307
6430
2695
2150
8024
5743
9253
9142
93
3356
4088
9244
6798
8218
1944
1477
2113
7916
5144
2069
446
934
9251
9309
266
1260
9612
2785
416
3633
3966
1476
1955
759
2241
2452
5909
3429
7614
1009
5920
2418
8295
7599
2971
857
8685
7720
3470
9413
482
4101
1074
8557
643
6560
9366
3525
8899
6124
2759
2370
928
5286
8336
2980
8596
492
7640
6181
3239
2307
2153
8488
5955
2483
6114
6692
9613
4190
9396
4547
3561
3058
6965
7056
7222
5367
5719
1778
9872
9031
105
3978
2896
4551
2554
1909
4819
8005
833
1141
9368
2463
2174
1119
585
8819
3109
9483
982
7939
1722
5030
66
6193
9315
5058
7607
1768
4010
4004
8895
94
2470
9412
5352
1603
2667
1310
4145
7241
4494
7421
6029
7986
4293
6517
6559
7372
5575
4426
9087
9208
4482
7003
276
1452
8624
4402
5879
2915
6590
6676
2266
1336
7602
218
9956
8830
5819
7385
9650
4142
8283
8285
4692
4771
658
3596
8527
2737
7227
2206
3088
999
4634
4345
8551
1165
1527
5368
1342
4648
9059
6032
3150
5633
201
9128
8011
6276
6562
7991
598
3245
4957
5418
5817
9353
3123
5897
4502
7079
3242
2382
1437
2095
1424
6396
3624
9807
7695
1114
9199
6485
7926
4924
2617
323
8714
9747
1624
4895
9350
3637
9363
994
3401
8906
5106
6495
2762
7775
8320
1751
342
1172
8555
8166
6403
9475
8479
386
7575
2568
3369
6836
261
9575
1226
6291
5389
7636
3875
1506
2828
1716
9049
8572
4780
3904
3679
3420
6817
4094
793
9285
3473
5890
4318
1847
2528
7240
9026
2434
8141
4320
7304
1407
3489
7547
2777
8385
696
3244
597
9898
9992
6967
8938
2125
1128
4041
8348
9034
4627
683
9873
2712
1963
7129
5383
3582
2650
9086
3520
9149
5712
7283
5705
1461
3635
9833
4133
3228
377
1543
8768
7258
8496
4405
5666
8389
8635
2682
4432
5596
3144
5681
7428
429
365
1443
1841
2076
4498
1471
2700
5046
893
7612
2429
1026
5684
2248
3115
2799
1627
4051
9446
2380
5219
5020
5152
2739
5214
2702
9640
4450
2833
7395
7552
7185
1572
609
3280
7462
394
4645
1826
3440
593
7625
5104
997
5448
6260
8158
6176
1738
9809
6516
9187
6299
1891
5153
2537
8077
8038
5647
8264
8625
8339
8849
230
1973
7585
3630
1306
5369
4371
2423
7179
3735
4460
1297
602
7321
3901
3941
8826
5307
7002
681
2853
3995
3417
2082
294
1852
186
5450
9838
9963
5939
3271
3217
9232
4797
831
6163
3886
1717
4443
4098
6684
1163
4958
2302
1222
1959
3713
3930
2464
861
9582
4603
6545
11
3619
4000
2703
4820
566
6235
2970
4630
7214
8985
2267
6726
6157
3704
227
9870
1136
8460
2780
2851
9022
3804
4685
5010
6501
6355
3
341
2743
3413
9790
2468
5737
1745
1480
4592
6478
2447
755
4920
664
6595
9344
973
5459
3647
3781
532
7752
9172
7845
5329
855
9756
6801
9440
7523
3544
5184
8089
7270
4489
2490
3513
2728
7000
8697
5419
2238
4666
2645
2235
8304
9061
5173
5109
8353
4888
4521
7035
7477
9533
9913
5299
6143
7515
6205
8371
4163
1265
3421
5118
9585
7193
5251
6001
463
6884
3414
503
6082
4488
7399
5167
9346
5586
6713
7615
7109
9830
4600
8903
1348
5988
9369
1874
5295
4377
3329
9188
3082
6624
8519
4804
6071
5449
8146
7944
8930
4754
7608
8155
9132
5886
9858
4423
8860
7309
1941
2063
1078
7156
3050
7192
126
9136
1932
188
694
1145
9385
8591
7835
6445
5111
384
9255
4001
9404
6465
339
4545
4612
1337
8719
9209
5580
3516
9512
2624
5391
8317
9656
3863
7732
4959
9653
6827
2399
6792
6518
5755
2487
6573
6991
3643
6107
4937
7137
1952
4134
3385
9631
1798
9248
9324
7060
411
1990
2250
2638
8631
9500
3960
8632
7508
320
8223
539
2175
8757
5588
1414
3394
4448
2681
3688
5657
2571
6927
3876
7672
9327
7913
7216
2224
1808
5215
2427
5716
7985
15
1688
1069
750
6331
7870
1171
4705
9999
1505
9702
3091
6701
2375
1042
8825
2029
943
6574
690
9389
3987
6048
6406
9445
7094
5960
5849
6513
5385
321
9393
3141
6287
6129
7581
5363
1242
362
5269
4366
7927
9967
2929
1462
9813
7577
1760
6392
1613
96
8122
9867
7235
2178
6785
2516
2677
5289
6972
8904
8003
380
977
5812
2360
318
3693
248
6470
7785
7990
106
494
6862
5664
6333
268
7347
343
4196
1167
6258
2646
2021
3591
6006
8358
4766
7698
6756
1978
8328
9667
5433
7995
1057
1352
1981
1602
2353
7514
688
8701
3296
6806
7635
3345
1030
3836
3955
6281
3537
5802
9876
6926
6072
7861
2204
1059
6920
6942
7378
3974
8212
8286
2451
3398
538
2428
3477
7641
5496
961
8732
6374
8759
9973
1960
5500
4379
885
5225
5551
1331
9930
8020
2755
457
2005
1435
7726
470
8806
9882
4048
9951
6852
887
9770
1431
1374
8209
3241
3278
7808
100
9163
5542
5854
1636
4725
259
190
2665
1315
4580
3982
4909
1644
3027
4751
3342
9674
3095
5610
8395
476
4390
4247
3802
5593
8832
5847
4576
4908
2300
8845
1894
9422
6397
9190
1544
1189
1176
4981
7839
1652
164
6658
262
9705
6224
6133
3762
1095
6249
5916
2507
9892
6221
3277
1002
1202
7898
9386
7550
8756
477
6499
5997
8464
9614
5671
9513
4618
9194
2332
2481
1077
9796
420
5518
1873
5711
3574
9108
3131
4035
6822
2424
6132
621
8614
7738
3392
881
8504
520
7013
8970
9710
316
624
6365
3113
8039
4508
6285
3034
2504
9457
2509
9219
139
791
1211
4358
9242
1756
395
7686
9980
2864
9879
8086
6227
5517
7296
7908
542
5416
4624
1777
9120
3865
9390
1533
9170
6110
2352
1669
1137
9478
9063
5831
8132
9597
8864
7280
21
184
9454
8652
1660
5424
1037
937
8323
6237
5908
7858
9529
2563
7498
1530
8486
247
6557
4263
498
7796
4191
2903
1243
4926
4824
9414
7014
2795
4992
9473
509
5259
950
4985
1762
1278
7456
4469
5667
8412
144
4116
5557
4714
7862
6086
1938
4253
8393
1106
6354
6431
6169
7620
197
2642
882
4836
2982
8660
8908
3734
5505
9305
7459
545
6020
4288
8290
9406
3332
3842
7447
6952
9677
5096
2145
5407
4276
8422
2933
7446
9609
9874
3108
1193
4557
1282
130
1187
2328
4752
8135
5378
2227
4349
6705
8983
9458
2859
7103
2599
9279
8244
6339
2176
1269
7016
5466
1031
9915
7734
7501
551
5614
135
1805
4755
2388
4352
7468
3020
1004
8222
9267
6998
2193
2220
4047
4213
7019
9700
6085
6808
5901
6371
1252
8986
4905
9841
7153
684
7571
7368
922
8248
9450
4112
4072
9372
3602
1547
9834
1824
254
1879
8182
5619
1767
1108
3600
8471
1557
7277
8884
9014
8176
6954
8440
43
4321
8300
5999
4121
3913
1485
6872
4968
4204
9073
5350
6757
1950
5592
3289
5650
3129
5421
519
7763
4861
9556
3657
2471
8868
5923
9006
3374
284
6613
7759
5672
8130
6843
7619
5185
7634
6
4003
2199
4808
4717
5376
4205
641
3737
6649
6832
6845
2963
1116
9925
1937
4595
1056
2074
9886
5044
9233
6388
645
9494
5054
9502
3844
111
9118
4075
828
2926
9596
436
3999
2998
5616
3889
4464
2286
8272
4290
4652
6197
7189
8803
7699
565
3175
1617
569
8242
6045
8774
710
7632
5636
2499
8920
1489
6734
8143
6526
8475
8573
1911
6225
1730
8517
8260
832
5137
8403
6480
4811
8372
4813
3519
4397
6089
3267
680
2410
2315
7554
4297
7617
9855
3437
6202
3590
6321
7937
2627
3255
4988
4608
5736
3496
6951
9721
1264
4176
334
1769
6386
6747
4598
4743
8245
9918
1681
7753
6934
5642
5861
6758
1727
8545
4790
4477
5504
6543
8296
7542
9257
6170
3343
5627
7312
6069
3552
5545
8553
4783
69
9130
4430
2547
3866
155
8778
7112
6067
8319
6835
1034
7381
582
3321
3784
4178
6053
6650
5788
1335
6043
7923
4128
5093
6966
752
6654
5804
3885
1081
5941
7951
5099
5781
7755
5641
2441
3080
6880
7705
3364
1565
8255
8604
2567
9630
7489
5656
5952
257
9334
5751
4479
6179
2335
2508
9050
9924
3002
7329
1390
8658
2104
7272
5534
4929
238
6064
6065
5411
6128
4842
1215
5793
8379
6768
2252
9754
7675
2522
4376
2166
7164
8
3813
9410
9058
6233
4596
267
83
3393
2002
8004
6122
8188
8433
5639
8587
5693
450
7524
6696
129
5342
2052
6509
9024
7719
5933
1890
8037
1285
9912
9661
455
9352
3330
1455
9767
6266
3761
6432
1667
1115
9633
9115
1610
7337
7105
6300
7031
4199
3910
5156
647
2598
5041
6033
978
6717
607
6544
6619
4528
1831
1598
768
8025
9537
1776
8094
5663
2186
6474
217
6749
929
7061
8722
4380
5959
4710
9246
6938
5495
8588
8731
5679
4182
5123
3675
574
5452
6746
3143
2108
9938
8095
5441
9054
9576
697
1062
5195
2171
4422
6848
7856
9861
7718
6936
897
7464
1159
651
9202
4462
8936
9145
2
6060
7396
4840
2683
4760
5110
1029
9536
3087
4891
7465
3756
1191
2661
4137
587
52
3808
7271
6511
1085
9487
6611
6899
388
7917
6472
7374
7367
2860
8477
579
2920
8740
3072
2062
5464
5334
8168
3041
3532
3723
1094
939
2167
5038
4421
6870
5967
5635
991
6546
7349
5865
2575
6175
9150
2654
1749
4987
178
4216
2651
7924
2713
9428
1195
7687
8982
7043
9400
3350
6940
2940
3837
6503
1789
589
635
6177
4912
5479
7964
7084
489
4416
4659
6535
5488
3295
3026
6334
9078
9486
6042
3248
4667
7211
2124
98
2239
6135
9310
1713
8758
2460
5356
121
7195
6459
1233
5564
4514
359
7906
6732
3746
4186
2794
8877
1178
7572
1876
6415
2951
7886
6958
3879
6248
968
110
7434
8028
865
255
9442
3366
6488
7994
7259
8910
1502
1280
6116
6328
1380
234
2771
4484
6515
5387
655
9098
4572
6482
725
6609
3309
2228
7102
1956
1422
841
9832
2493
8329
7063
6548
209
6468
6149
7904
2653
1576
6402
156
5613
1061
530
6269
9989
6813
2017
2753
5611
328
4565
8066
9468
8076
1846
1877
2965
1836
4862
1232
8791
6219
6858
9887
4583
8725
215
4529
1918
1930
4549
7291
5951
5695
1608
9845
1829
4523
9693
5478
325
9853
5489
8678
2643
1559
9217
145
2465
7806
2122
4569
9071
1574
3176
5761
4643
2457
8773
8681
4283
9638
2098
910
258
2436
8979
5483
3310
4767
4499
6489
2254
2996
9708
5907
5917
9484
8179
8703
7935
7206
3508
3188
9042
1405
9584
1742
8782
485
6616
5770
2309
9875
1103
6690
4474
2310
7770
8561
3313
4454
3826
3603
418
1385
6494
3294
5786
1514
4124
2770
4153
2782
8142
1332
4244
9162
3850
4016
6051
7341
4734
6809
7095
2450
1888
6900
9602
9252
5375
2867
5113
5095
4500
4126
8219
8044
2404
3991
2827
3996
7829
5484
5143
7426
8124
6443
5036
7966
5872
1886
6622
2894
3158
4833
5255
9816
6462
5852
9146
4801
3779
3487
8690
7769
940
797
3595
873
340
5423
5257
9821
8405
3192
5815
7032
818
1690
4873
3912
8601
4291
1861
8702
935
9604
7363
5747
3395
9676
3791
5651
7535
8224
3307
4602
3024
9377
8898
5081
5045
2260
9052
7282
4884
5029
4002
2555
8931
3744
7930
4239
4396
9931
8051
9983
7975
5665
7707
4834
2299
7725
717
8027
8169
9456
5555
308
5114
4039
5932
1659
9911
785
7616
1802
5196
3900
124
536
1599
3177
1084
3543
8775
3445
9969
6935
4670
8309
9207
6612
361
3471
6917
8667
8795
1979
4032
8894
4212
6797
9541
7328
1339
1247
4883
6493
1791
4546
1088
6262
2369
4453
7010
1139
5284
1470
8916
1866
5072
1198
1314
5816
4123
7823
9761
2257
9259
3869
8796
3189
4880
8836
5552
3994
8243
5823
4322
673
3106
2992
3831
8054
2758
4753
3601
137
4313
73
9503
9601
5560
9437
9205
6969
8382
6104
2229
4411
3882
1974
8474
5724
9713
1152
77
5556
8959
7093
3207
9164
9331
9586
302
7174
8582
2140
529
23
3388
6945
6993
1862
6625
809
6986
2531
4043
466
5943
3909
1208
4947
3107
3286
6698
6522
9499
7139
9212
4122
9557
6894
6753
584
1595
4925
949
3315
1220
7973
3355
1440
4245
4623
900
3993
798
3043
7318
1276
5048
7903
4055
1692
6419
3054
3089
5119
533
6448
8432
927
2194
2850
9660
5752
1345
9069
1739
6161
1665
208
2542
7199
6327
3528
3948
972
9397
4867
3243
5914
4869
7627
5898
8726
9547
9085
4155
5244
7411
7088
3533
5977
5503
7020
7342
1569
2296
8546
2378
6572
6659
2030
8233
3102
8069
8948
1884
5261
6855
7430
8026
7213
3011
8976
2287
715
9018
7910
2383
1817
8408
6112
5525
6857
4949
4789
2049
2810
6971
1590
3539
3488
4628
6189
3550
1691
6988
3159
4527
272
2474
6479
5009
123
7541
8805
5080
2251
3502
1153
9429
9773
7918
4341
7558
6188
4568
8647
3399
7750
3484
7066
7224
4074
1799
7941
4868
3896
7650
239
4287
2582
6040
8207
7840
7115
5742
2895
716
1966
3060
5396
1131
9716
2558
3891
5524
835
888
5243
6868
2674
799
3922
995
2942
9922
3328
5298
1709
9268
8396
6702
146
6553
1881
9569
4230
8994
5290
2679
486
1382
4504
4704
912
9037
6264
6819
2944
4225
4541
2028
4427
3594
9256
2694
7816
4668
2314
957
213
6854
1438
8523
2301
8934
3435
6909
6815
3206
9419
3730
1819
6314
4028
4964
4601
9432
5919
3485
1410
8238
4105
2221
4308
5487
5442
4632
3710
5783
5572
1192
5291
649
6776
9384
3462
4505
3569
629
1254
2647
8442
7928
108
4215
7127
8584
1703
8413
1812
1274
2601
5382
3142
2696
3319
1746
1735
7882
8956
6814
5608
8937
6244
4157
6289
3049
9375
4969
2339
283
4296
9580
8420
5090
986
5824
5911
8664
347
2775
6103
9269
1655
9589
8786
6326
2355
7402
4063
2888
5758
357
2422
1619
7040
7684
6788
68
3892
8568
712
7015
2707
8335
2103
2742
615
3061
947
6669
5328
3720
3317
7795
1294
1089
6915
6101
4437
7551
6379
4917
1900
2505
9431
4236
265
2133
5685
9639
3515
2618
4434
9666
749
2376
9102
2001
9792
7439
3256
306
2190
3873
5317
7292
955
14
775
4787
2290
7204
3678
8315
5922
5760
5991
7546
7445
6907
3438
419
6541
3880
8297
3130
8724
7097
8715
7804
5218
4115
7030
8854
6297
2625
8863
8563
9123
9860
5233
7519
1907
563
6210
103
4400
6519
202
3465
3170
6027
9608
1394
4356
7774
4102
4588
586
677
1387
8017
7507
2321
9880
1327
3634
8187
685
8728
2454
5131
7899
7799
5397
3262
4781
8091
1349
7267
5948
6675
3964
8221
8683
150
5027
7113
2323
214
8770
3718
3750
3347
6268
5591
2883
5341
4357
8940
500
50
2900
2020
2242
4151
5238
329
4897
6195
9567
6220
8468
5076
4285
7884
5247
8215
4914
3793
3888
6598
4874
2212
6955
2024
9991
6930
2036
8123
6147
8918
3749
8711
7
5873
9579
511
650
1924
5573
5430
4480
1908
1788
3079
9341
5973
3373
2685
8686
5767
2114
7709
9616
2796
9489
8935
5394
6641
5033
6385
447
2756
9206
9799
3468
1396
1214
5373
2818
8220
9382
6292
2265
3526
2533
4058
3071
9535
4049
9160
678
6608
4229
4095
7568
4616
1028
3018
5136
7681
8887
3527
4419
8451
2831
9465
2421
8634
8240
191
6420
441
41
2123
9099
6869
5548
540
3560
7198
2475
3681
7033
9316
3809
2655
59
639
981
8569
133
5928
3118
2946
6411
5983
8621
5458
3209
3268
490
1384
8213
7652
2032
8476
9423
2472
9952
2047
9617
4038
3894
5562
7778
9030
410
776
1764
7766
7482
1780
4815
4309
5301
8503
518
9140
6473
660
7375
1488
7310
2099
2497
5015
2207
9134
1086
2138
4129
7536
8540
7739
5101
3200
5120
5520
2629
5623
745
5485
3431
7476
8096
2334
7323
8387
5995
6626
4866
5946
3925
6587
2513
9378
6394
8630
5576
408
8765
6383
7940
2972
1068
7027
4065
8092
177
1044
8964
1496
2236
2891
9595
5527
6450
368
3990
4254
1420
6974
6672
823
2536
8744
6703
3542
2004
7252
6606
8812
2120
702
7716
20
7072
6605
3849
9965
7101
8815
2663
6885
9357
5882
3655
8177
9439
86
127
1158
1710
9008
1904
6782
9203
4928
9224
6344
2512
2858
1491
6874
4835
2878
8053
9041
9105
6628
4359
3776
4362
4943
1072
9803
1047
8706
1905
599
514
9342
9398
8754
3387
3638
1403
1170
8401
851
2877
6343
8427
3152
8974
521
5354
5271
2389
3667
5903
7722
6964
9258
8175
7275
9818
6368
4118
522
3726
7872
4832
8793
6390
4218
1111
7814
3185
7021
2881
2087
382
9768
3300
3640
9045
399
6140
8755
3517
7090
9725
552
9481
4332
8538
3110
2350
9632
7451
5828
4910
9964
5263
4340
4606
3709
5274
8181
8922
4982
5628
7929
7107
2000
2678
8915
9312
2249
2801
5688
3161
967
1844
9888
6662
1133
581
4310
657
4712
5018
1197
2788
1436
3448
827
4375
7449
2488
3291
8785
1818
9409
4727
909
9787
4107
985
8670
3639
4983
8341
2852
9791
7360
8691
6254
8186
4395
7751
3003
4103
8764
443
9295
9985
9434
6992
2258
9470
9272
9658
3084
7530
5683
7740
9987
2525
7661
5844
5833
1378
6539
953
3004
371
8149
920
4409
3251
8752
6496
8380
3250
1365
4299
2939
3636
9328
8185
7496
6864
6840
7322
2848
3030
7302
2397
7736
9782
5324
9401
8326
1607
8598
3580
7543
8112
499
1313
8434
5404
508
4070
6261
4870
7308
5358
7537
245
4172
729
6865
9345
7938
6839
1019
8858
9937
4207
453
7768
1368
1702
9159
4282
6903
5337
2106
5345
8093
8064
8110
9452
8000
465
7549
4243
6846
1040
1353
8330
5132
856
2147
4485
9635
8068
5875
4246
7683
3577
5078
4579
8274
2907
9785
2045
2342
8746
4286
516
600
6924
6145
2534
1118
4242
5798
5670
9794
7637
1811
3407
1027
5285
3259
555
6830
8154
405
422
5838
1623
2333
6031
6306
417
3593
1309
5028
810
8623
7748
5172
183
5472
2416
6342
921
5750
1642
4348
6352
8491
3333
7900
3166
9515
9561
7286
8619
9263
7526
9125
3823
1360
4911
7453
4387
5974
2840
3151
7474
7849
7592
8049
3656
4669
1648
7747
7525
3063
2749
3230
2802
4347
3474
4942
3824
4674
9040
3984
8965
4060
5703
6099
3829
8247
5292
9495
4436
4068
9600
762
7243
4615
5506
1605
1224
5930
8695
1501
692
2209
2322
1728
7475
1676
4304
840
8363
53
7317
8828
9044
2065
3066
9222
2155
2325
8866
7836
4998
6106
4459
6505
3573
6536
878
2144
4211
1531
8167
9546
9649
5321
2435
3715
3299
9234
57
4744
3858
9175
2620
3093
3193
6469
2162
788
2579
10
5413
1073
26
6804
6139
3409
5377
7359
8642
3493
7540
1774
962
5335
9174
5744
6243
5740
180
3404
5728
1060
731
8180
4922
4889
6674
7183
1965
5764
1929
3549
2097
2976
8438
6775
9740
3659
2157
7078
1706
9333
8919
3055